%YAML:1.0
_fFx: 5.8862133829289508e+002
_fFy: 5.8864076180014717e+002
_u: 3.2232784933540080e+002
_v: 2.4929838985196611e+002
_sWidth: 640
_sHeight: 480
