%YAML:1.0
_fFx: 5.2337354420307906e+002
_fFy: 5.2365487233551335e+002
_u: 3.1996319070762831e+002
_v: 2.6620648965990540e+002
_sWidth: 640
_sHeight: 480
