%YAML:1.0
_fFx: 5.8862133829289508e+002
_fFy: 5.8864076180014717e+002
_u: 3.2232784933540080e+002
_v: 2.4929838985196611e+002
_sWidth: 640
_sHeight: 480
_cvmDistCoeffs: !!opencv-matrix
   rows: 1
   cols: 5
   dt: d
   data: [ -1.4020574037234723e-001, 6.3666135207020036e-001,
       -2.0277102400103036e-003, 2.4499341468778688e-003,
       -9.6246734104664300e-001 ]
