%YAML:1.0
_fFx: 5.2337354420307906e+002
_fFy: 5.2365487233551335e+002
_u: 3.1996319070762831e+002
_v: 2.6620648965990540e+002
_sWidth: 640
_sHeight: 480
_cvmDistCoeffs: !!opencv-matrix
   rows: 5
   cols: 1
   dt: d
   data: [ 2.6018920744938540e-001, -8.4066547699203731e-001,
       3.2722215978565178e-004, 1.1439168103013456e-003,
       9.0665698351548940e-001  ]
