%YAML:1.0
mRGBK: !!opencv-matrix
   rows: 3
   cols: 3
   dt: d
   data: [ 5.2337354420307906e+002, 0., 3.1996319070762831e+002, 0.,
       5.2365487233551335e+002, 2.6620648965990540e+002, 0., 0., 1. ]
mRGBDistCoeffs: !!opencv-matrix
   rows: 5
   cols: 1
   dt: d
   data: [ 2.6018920744938540e-001, -8.4066547699203731e-001,
       3.2722215978565178e-004, 1.1439168103013456e-003,
       9.0665698351548940e-001 ]
cvmImageResolution: !!opencv-matrix
   rows: 2
   cols: 1
   dt: i
   data: [ 640, 480 ]
mIRK: !!opencv-matrix
   rows: 3
   cols: 3
   dt: d
   data: [ 5.8862133829289508e+002, 0., 3.2232784933540080e+002, 0.,
       5.8864076180014717e+002, 2.4929838985196611e+002, 0., 0., 1. ]
mIRDistCoeffs: !!opencv-matrix
   rows: 1
   cols: 5
   dt: d
   data: [ -1.4020574037234723e-001, 6.3666135207020036e-001,
       -2.0277102400103036e-003, 2.4499341468778688e-003,
       -9.6246734104664300e-001 ]
cvmRelativeRotation: !!opencv-matrix
   rows: 3
   cols: 3
   dt: d
   data: [ 9.9998837625206249e-001, -1.9522328152500918e-003,
       -4.4086446668376682e-003, 1.9704097709167018e-003,
       9.9998956137852946e-001, 4.1224530695667489e-003,
       4.4005506585030364e-003, -4.1310919877394431e-003,
       9.9998178445054220e-001 ]
cvmRelativeTranslation: !!opencv-matrix
   rows: 3
   cols: 1
   dt: d
   data: [ 2.6563604402880001e-002, -4.3594883871378757e-004,
       -5.8318054644805454e-004 ]
